29.9166509784
29.1131788614
28.4190790528
27.8200442398
27.2936147377
26.8314146946
26.3682540906
26.0335840901
25.6466117217
25.3340968742
25.012299902
24.7351322546
24.5090976355
24.29756322
24.145660707
24.0253306259
23.8252010725
23.6378620739
23.4750145827
23.3087240351
23.1780092822
23.0783487204
22.9595637485
22.9149276469
22.8541913816
22.656542355
22.3738846946
21.9674817216
21.3407645881
20.7299910257
20.0189459635
19.4386445995
18.9433295555
18.3987822644
17.8053588225
17.1730393142
16.5583712934
16.0037357074
15.3282862524
14.834160629
14.3739934106
13.9693603675
13.505937731
12.9840148546
12.5129345742
12.1107555086
11.7351256777
11.3843024985
11.1777887184
11.0830588932
10.9985061976
11.0388575621
11.0600417637
11.0407440347
10.9935863181
10.8591067506
10.5739323386
10.2646694621
9.94442343891
9.59291917564
9.2823026502
8.9757762895
8.74806421924
8.55065742899
8.34427188228
8.21328450553
8.14240091783
8.12295639639
8.09586210255
8.06487098065
8.02912612485
7.92071686671
7.86826125761
7.81286043319
7.76251741807
7.68252390468
7.54937469988
7.44945883638
7.36703125761
7.40406812438
7.51191975971
7.54592651984
7.49140666512
7.22823484334
6.78062653165
6.21251604294
5.67900749207
5.24075819657
4.8303597247
4.49793906953
4.24492072423
3.98578025528
3.76005616005
3.58650979004
3.4774457455
3.47096560993
3.47781500466
3.44540019161
3.43198016812
3.43402224471
3.42020381523
3.39666769151
3.40690914177
3.40835730607
3.40227103663
3.40042826893
3.39212975358
3.39440160614
3.39446370601
3.38907912959
3.3954096999
3.39606253459
3.38397721643
3.39534107854
3.39644599294
3.39964936879
3.39312896305
3.39244952388
3.38895335781
3.40326366091
3.39871376204
3.39720531717
3.40084251724
3.39227482191
3.3878924657
